07.1979  15 11 11 12  5  5  5 15 40 15  5 16 39  5  5 15 15 10 34 14 14 15 15 15 15 15 15  5 29 39  9 
08.1979  19 39 19 14  5  5  9 39 14 35 15 15  5  9  9 29  4 33 36 20  4  4 14 34 11 31 35 15  5  1  4 
09.1979   9 29 39 15  1  6 26 10 30 10 10  4  4  4 15  5  5  9  9 29  4 11  1 11  1  5  4  4  5  5  0 
10.1979   5  1 24 29 26  1 24  4  9  9  9 28 29 39 38 39 19 15  5  5  5 12  2  1  3 23 23 23 31 11  6 
11.1979  25 35  2 10 34 39 14  4 14 15  1 24 34 34 33 34 14 19 16 12 12  1  1  5  5 10 10 10 10 10  0 
12.1979  19 10 10  5 10  9  9 29  9 39 39  5 25 39 39 35 30 35 31 31 13 28 39 39 14  4  4 39 34 35 35 
01.1980  35 15 15  5 35 31 31 11 11 31 12 12  1  4  1  1  1  3  3 24  4 39 39 40 15 15 15  5  5 29 29 
02.1980  35 29 14 20 39 39 39 10 29 29 20 10 10 10 10 40  5  1  3  3  3 13 33 23 21  1  2  5  5  0  0 
03.1980   5  5 15  5  5 39 39 38 15  5 35  5 39 33 33 23 21 21 31 31 31 24 21 23 21 14 39 29 39 15 20 
04.1980  29 39 35 12 12 12  1 35 15 15  5  1  1  4 23 21 21 20 35 31 12 12 12 32 31 31 31 31 31 23  0 
05.1980  22  1 11 31 12 33 39 34  1  1  1  2  1  2 12 12 12 22  2  1 25  5  1 15  5  4 24 29 39 14 14 
06.1980  15 15 10 10  7 10 26 38 28 38 36  9  9 29 19 10 39 19  9 14 14 14 14 14 34 14 15 15 35 35  0 
07.1980  34 31 15  1 34 14 34 39 36 31 15 14 14 34 39 15 15 14  9 39 35  5  1  5  1 26 26  6 36 36 11 
08.1980   4 29 29  9  9  4  9 39  4  5  9 39 15  6 26 26  6  6 10 10 20 15 15 15  5  4 26  9  9 39 35 
09.1980  15  2  5  5 29 15  1 24 14 15 35 10 14 14  5  5 29  4 29 29 29 29  6  9  5  5  5  5  5  5  0 
10.1980   5  5  5 25 15 19 39 14 14 14 31 31 11 11 34 29 38 31 14 15  5 29 39 40 15  5 10 10 15  5  5 
11.1980  12 12 12 13 13 33 31  4  5  5 15 35  5  5  9  9  9 40  5 10  9 10  9  9 29 35  4 31 32 12  0 
12.1980   2  5 35 35 15 35 15  5  5 10 10  5  9 10 20 15  5 34 14 39 31  5 10 10  9 15 12  1  5 10 10 
01.1981  15 10 40 35 15 35 15  2  6 31  1  4 15 10 15 15 34 15 35 12 15  2  1  1  5 15  5  2  1  1 10 
02.1981   5  5  9 40 15 10 10  9  9 36 15 15  2  5  5  5 12 12 22 31 11 13 33 33  3 23 23 33  0  0  0 
03.1981  39 39 39  5 14 29  9  9 10 10 29 30  9 39 35 34 34 11  5  4  9 29  9 10 10 39  4 24 38 38 28 
04.1981  28 26 26 40 16 11  9 10 10  6 26 29  6  1  5  5 12 12 31 11  5  5 15 14 24 24 31 15  5 10  0 
05.1981  15 15 15 34 15  5  1 29 28 28 38 38 28 28 28 29 19 14 29  9 29  9  9 39 39 39 36 14 20  9 29 
06.1981  29 29 29 19 10  9  5  9 29 14  9 10  5 10 10 15 15 15 15 15 31 12  2 16 36 29 29 29 36 14  0 
07.1981   5  4 39 15  4  9 10  6 26 26 29 19 19 15 15 10 35 11 12 15 10  4 39 34 34 15 35  5 10 15  5 
08.1981  29  9  9  6 26 26 29 29 29 36 16  7  6  6 10 40 15  5 15 39 15 15 15  5  5  5  5  5  5  5 35 
09.1981  11 15 12  1  1  1  1 30 19  6  6 26 39 15  5 30  5 26 19 29 29 29 19  4 39 29 38 18 16  6  0 
10.1981   8 28 39 34 19 29 14  9  9 14 14 14 15 14 39  4  9 40 10 29 34 14 11 15 34 34  1 14 29 39 30 
11.1981  10 10 10 10  5 15 15 15 12  2 10  5  5 15 12  1  4 10  9  9  9 10  9 15 15  5 30 15 15 40  0 
12.1981  15 15  7 30 15 35 35 35 15 15 39 15 15 34 15 15 15 34 15 15 34 34 34 31 15 15  4 34 39 39 39 
01.1982   9 10 30 39  9 15 15 11 35  5 30  5  5  1  4  8  4  4  9  6 10  5 15 15 10 30 40  5 20 10  5 
02.1982   5  1  1  1  5 10 10 39 10  6  9  9  9 29 38 31 26 21 12  2  2 13 31 11 11  2  1 10  0  0  0 
03.1982  10  5 10 40 15  2  3 23 14 39 15  4 15  5  4 34 39 34 11 31 11 11 11  2  2  1  4 39 40 36  2 
04.1982   3 29 19  5 24 29 19 40 15 15 15 15 15  1  1  1  2 12  2  5  5  5  1 12  2  2  5  5 35 15  0 
05.1982   5 14 24 24 39 14 34 34 14 14 15  5  5  5  1 29 29 29  9  9 10  9 39 15  4  4 29  9  5  3 23 
06.1982  29 28 28 28 26  9 10 10 30  5 29 39 35 15  5 15  5 25 14 14  4  9 39 14  9 39 19 10 15 14  0 
07.1982   5  9 29 14 14 19  5  5  1  1  1 26 26 26 29  9 19 16 16 26 29 10  6 26  6 20 12 12  1  6 26 
08.1982   6 28 38 36 36 38 36  6 10 10  4 29 10 14  9  9 19  9 14 14 14  5  5 15  5 29 19 14  5 24 34 
09.1982   5  5  4  5  9 39 10  9  5  1  5  4  5  1  1  1  4 29  9  9  9  9 14  4 29 29  4  4  4 29  0 
10.1982   6  8 21  3 38 38 36 39 31 34 39 39 39 39 35  5  9 29  9  9  9 29 29 16  4 10  9  1  1  4  4 
11.1982  10  9  9 10  1  3 23 29 39  9  9  9 39 14 11  4 15 10  5  5  4  9  9 29  9 29 29  9  1  2  0 
12.1982   3 28  3  3  4 30 10 29 39 39 35 35 11  5 30 19 39 14  4 39 34 14 11  1 10  6 10 15  5  2  5 
01.1983  10  5 10 39 10 10 14 15  5  5 10  4 29 15 40 10 10 14 15  5 10  5  5  1 10 10 10 10 10 29  5 
02.1983  40 15 35  5 34 31 31 31 33 11 12 12  1 32  2  2  2  1  5  5 15  2  1  1  4 29 39 39  0  0  0 
03.1983  31 11  2  1 10 10 10 10 10 10  5  5  1  9 39  6  9 10 40 10  9 35  4 39 14 35 14 34 11 34 19 
04.1983  38 36 31 14 14 39 34 39 19  9 39 31 15 15  5  5 29 29 29 14 28  9 29 19 29 29 39 39 39 19  0 
05.1983  39 11 34 34 15  1 29 39 16  4 39 39  9 19 29 38 39 14 14  4 39 14  8 38 36 36 31 14 34 14  4 
06.1983  29  9  9  9 20  5  1 24 10  9 10  4  6  6 15 15 15 12  2  7 28 26 21 24  9  9 39 15  5 34  0 
07.1983  14  5  4  9  6 28 28  6  7  2  7 10 10  5  5  5  9 29  9 15  5  5  6 26  6 29 29  9 10  5  4 
08.1983  29 14 15 15 40 31 17  3 16 16  1 10 15  5  4 29 10  1  6 28 29 26 29 26 27  6  1 25  1  1  3 
09.1983  39  9 39 15  5  5 15  4 39 29 39 31 14 29 29 39 14  9  9 14  9 14  5 10  5  1  1  1 21 25  0 
10.1983   5 10 10  9  9 15  9 14 15  9 14  5  4  9 19 39 14 10 10  5 15  1  1  5  5 10  9 25 11  4  5 
11.1983  10  6 29  9  9  6  4  9  6  6  5  2 15 12 15  5  2  5  5  5 15  5  5  4  9 39 40 20 15 15  0 
12.1983   2  2  2  1  5 15 15  1 29 35 15  1  5  4  3 31 29 39 39  9 39  9 40 10 29 40 10 10 10 10 10 
01.1984  10  4 19 35  5  5 30 35 35  5 10 39  9 29 14  5 40 15 34 35 11 31 34 31 15  4 39 39 19 39 39 
02.1984  14 39 39 20 10 40 40 40 12  2  2  2  2  2 12 12  1 12 33 34 24 34 31 12 38 38 36 11  1  0  0 
03.1984   6 39 31  2  5  5  5 15 12 31 11 13 33 23 21 21 21  1  1 31 31 21  4 24 39 39 34 39 39 11 15 
04.1984  34 36 36 18 36 33 16 16 11 13  6 15  1  4 24 14 11  1  1  5  5 30  5  2  2  5  2 12 13 33  0 
05.1984  31 39 39 19 29 29 19 15  5 11 13 33  2 38 38 38 39 14 29 38 36 39 36 36 36 29 39 31 36 31 31 
06.1984  19  9 28 38 36 36 36 35  5  5  5  5 10 40 15  5  5  5  5  9 29  9 15 15 15  5  4 35 15 15  0 
07.1984   4 34 15 15 15  5  5  1 24  9 29 19 19 19 39 15 15 15 15 15  5 15 15 15  5 15 15 10 10  4 29 
08.1984  19  9 29  9 39 14 14 38 26 36 36  6  1  5  5  5  5  5  5  5  1 21 29 36 36 10  5  4  4 10 10 
09.1984  10 10 29 29 34 11 31 31 39 35 15 15  5 29 36 37  6 26  9  9 29 14 34 35 35 35 15  5 29 29  0 
10.1984  29 39 14 14 39 36  5 10  9  9  9  5 10  5  5  2  4  9  9 14 14  9 29  4 29 39 14  5 10  6  4 
11.1984   4  4 24 14  9 29 29 29 26  6  6 23 23 23 38 38 38 36 39 20 39 29 19 19  9 40  1  4  9  4  0 
12.1984  28 28  8  9  9  9  5  4 15 10 10  6  1 26 21 34 34 39 19  9 40  5  6 26 11 24 31 11 11 12  1 
01.1985  31 32 15 35 12 12 31 11 11 15  2 35 12 32 33 23 23 31  5  4 29 39 19 14 39 39 15  4  9 10 10 
02.1985  10 20  5  5 30 30  5 10 40 11 12  2  1 35 15  2  2  2  2  5 15  5 10 10  6 29 26 29  0  0  0 
03.1985  29 39  9 29 29 39 19 16 15  5 32  1  1 15 14 34 31 12 33 33 38 38 39 39 14 39 40 15  5 29 39 
04.1985   9 20 10 29 29 39  9 39 39 40  9 31 39 34 15 10  1  2  1 24 24 21 31 15 15 15 35 31 15 15  0 
05.1985  35 35 15 24  4 28 38 36 36 39 38 38 28 38  8  6  6 26 28 26 26 39 19  4  9  8 28 29  6  2  2 
06.1985  12  2  1 29 29 29 29 14 14 34 15 34 35 34 15 15 15 15 24 36 11 39 11 16 15 14 15 15  4  4  0 
07.1985  20 15  5  1  6  1  5 15  5 15  5  9  9 29 19  9  4  4 19 39 15  4  5  5  5  6 19  9 39 19 19 
08.1985  14 10  4 14 39 14 11  5  1 29  4  4  9 28  9  9 14 11  9  4  5  9  4 29 19 11  1  1  1  1  4 
09.1985  39  4 39 15 29 15 15 15 15  5  5  5 24  9 19  4 10 10 29  9 10  9 10  9 10  5 10  5  5  5  0 
10.1985   9  9  9  9  9  9  9 39 14 10 10  5  5  7  2  2  2  5  2  1  1  2  2  2  3  3  5  5  1  1  4 
11.1985  15 35  4  4 29 15 35  9 29 40 15 15 12 12  1 11 12 13 33 33 38 31 31  1 15 15 34 34 15 10  0 
12.1985  10  9 10  9 29 40 29 29 29 16 12 11  9 10 10 10 10 30 15 10 10  4  4 19 29 39 35 34 34  1  1 
01.1986  11 39 39 15 24 31 15  1  5  6  9 15 40 19 35 35 15 30  9  5  9 14 39 35 35 15  5 34 23 23 38 
02.1986  38 38 33 31 31  1 12 32 11  2  2 12 12 33 33 33 31 31 31 11 15 15 11 12 12 12  1  1  0  0  0 
03.1986  21 11 11  5 10  9 19 13 19  3 33 33 36 16 11 34 21  1 23  1 15  1 29 29 14 14 10 29 19 14 40 
04.1986  15  4 39 11 31 33 28 26 26 31 15 15 15 14 24 29 39 39 15 15  9 19 19 29 19 39 38  6  6  6  0 
05.1986   6  8 28 28 28 28 28 19 15 10  9 10  9  9 39  4  4  9  9  9  0  0  0  0  0  0  0  0  0  0  0 
06.1986  11 11 20 34 31 31 31 15  4  3 19 16  7  7  8 28 29  9  6  6 10 10 26  1  1  5  5  5  5  2  0 
07.1986   7  6 26  9  9 39 15 15 15 15 15 15 15  5  1  6 26  1 11 11  4 24 39 14  5 14  4  9 29  4 29 
08.1986  19  9  9 29  4  4  9 14  4  9 29 39  1  4  9  4 14 19 39 15  4 30 39 34 14 29 39 34 14 35 15 
09.1986   5 15 39 15  5  4 15 15 15  4  4 39 19 29  9 19 29 11  1  5  5  5 10  5  1  1  5  1  1  1  0 
10.1986   1  4  5  5  1 10 10  5  5  4  4  3 24 29 29  6  1  4 39 39 15 29 14  5 24 31  1  9  9  4  4 
11.1986  29 15  1  5 10  5  5  4  5  9  9  4  4 29 29  9  9  4 29 39 14 29 19 19  9  9 15  1  1  1  0 
12.1986   4 10  5  9  9  4  4  9 29 14  1  1  4 14  9 35 15 40 35 15 35 35 35 15  5 35 35 10 10 10 39 
01.1987  10 31  2  5 35 35 12  5  5 31 12 12 31  3 33 12 13 13  8  2  1  7  7  2  5 15  5 15 15  1  1 
02.1987   5  1  6 10  9 10 20 10 10 29  9 29 19 19  6  6  1 31 11  8 36  1  5  5  1  1 30 30  0  0  0 
03.1987  10 26 15 15 15 12 12  1  2  2 12  1 31  2 31 35  5 39 35 14 14 34  4 29 29  9  9 39 15 15  2 
04.1987  13  8 38 38 36 20  9  9 29  6 11 31 11  5  7  5  5  5 10 19 15  2  1  1 10 10  2  1 29  9  0 
05.1987   9  9 39 36  6 12  2  2  1 35  4 39 14 14 34 11 14 19 11 11 31 13  2 11 11  5 34 15 15  5 30 
06.1987   5 15  9 39 15  9 19 39 14 14 24  9 39 19 39 15 15 15  4 36 11 14 15 20  5 39 10 10  6  9  0 
07.1987   9  9  9 10  2  1 29  9 15  5  9 40 15  5 29 29 39 19 19 39 36 39 19 19 15 15 35 15  4 39 15 
08.1987  15 15 15 15 15 14 14 14 39 15 15 15  5 29 15 10 10  9 10 10 10 29 29 29 38 39 39 10 10  5  5 
09.1987  24  9  6  6  9 14  9 14  4  9 10 29  9  9  4  9 29  9  9 10  9 29 29 19 14 40 15 15 12  2  0 
10.1987   1  1 31 23 29 29  4 39  4 28  9 36 14 14 29 29  9  1  1 26 26 19 39 34 19  1  6 28 28 26  6 
11.1987  40 20  2  2  5  5  5  5 30  6  9 39 39 14 14 39 20 10 10 15 15 30 38 36 36 38 16 11 11  1  0 
12.1987  12 12  3 24 26 26 15 12 11  5  5  5 11  5  5 30 40 30 20 10 10 10  5  1  9  9 10 10 10 10  9 
01.1988  19  9 19 39  9 29 39 15  6  9 39  4  4 29 29 29 39  9  9  9 19 39 15 29 39 39 39 29 39 36 20 
02.1988  29 19 19  9 19 39 19 39  9 34 34 39 15  6  1 24 40 10 15 12  5  5 35 31 32 32  7 35 35  0  0 
03.1988  35 15  4 34 14 15 35 15  2  5 15 15 15 15  9 40 15 15  6 30 26 20 39 10 39 14 35  5  9 29 38 
04.1988  16 11  1 16 17  8 28 30 15  5  4 29 15  1  1  9 29  9 29 29 10  5 15  5  5 15 24 23 38  9  0 
05.1988  29 29 19 19 19  5  6 28 28 26 28 23 38 38 27 26 29  9  9 11 15 11  1  9  6 28 28 38 39 19 14 
06.1988  15 10  9 39 11 17 38 38 36 16 36  1  1  5  5  2 12  1 15 15 15 20 12 17 17 37 36 39  9  9  0 
07.1988  39 14 19 19 39 19 19 14 14 10  9 14  9 39 31 31 15 14 15 10 10 29  9  9  4  9 14  4 19  4  4 
08.1988   4 14 15  5  5  1  1  5 10  9  9  9  4  9  9  9  5  5 29 19 14 11 15  4 34 15 10 29  9 14  4 
09.1988   9 19 14 14  9 15  2  2  1  5  9  4 35 31 12 12  2  7  5  1  1  4 19 15  5 10  9  9 14 14  0 
10.1988   1  3 23  3 39 19 14 15  9 14  9 28 39 29  6 16 39 26 26 28  8  6  9 10  5  4 29  9 15 15 12 
11.1988   5 35 12  2  5  5  5  1  6  9 10  9 40 10  7  5  1 40 15 35 15 12  2  2 10  5  5  9 40 30  0 
12.1988  36 28 16 39 20 35 15 10  5 10 10 15 10  2  5  2  5 10 40  5 10 10  9 20 10 10 10 10  5  5  5 
01.1989   5  1  1  4 15 30 10 10 10  9  5  9  5 10 10 10  4  5  1  4  9  5  1  1  3  4  1  4  5  5  6 
02.1989   9  4  4  4 10 10 10  6  3 23  4 10  5 15 10 15  5 29 10  9  9  9  9  9 39 36 39 19  0  0  0 
03.1989  39 20 39 10 10  6 29 26 10 10 10 10 29  5 39 29 40 14  9  9 19 10 15 10  5  5  1 29 10  9  9 
04.1989  16 11 31 38 38 39 39 39  4 29  9 29 28 28  6 26 37 15 31 34 39 36  5 24 29 38 14 11 11 12  0 
05.1989   1  7  2  2  5 15  5  5  4  9  9 39 14 15  1  1  1  1  6  2  2  3  3  3 21 21 21  1  5 29 14 
06.1989  14  4 34 31 11 14 14 14 14  4  1  2  2  2  5  5  2  7  2  5 26 36  6  6  5  9 29 14  9 14  0 
07.1989  39 36 12  8  7  6 29 39 39 19 16  5 15 15  5 15  5 35  5  5  5  6 30 36 36  6  6  5  4 29 15 
08.1989  15 15 15  5  4  9 29 20 10  9  9 10  4  9  9 29  9  4  1  9  9 10  5  5 15 20 36 35 15  2  5 
09.1989   1 15 12 12  5  2  2 23 23 21 26  1 29 19 19 10  9  9 29  9  9 29  9  6 16 15 11  1 12  2  0 
10.1989   5  5  2  2  5  4 35 32 15 15  5 10  9 35 15 10  1  4  9 29  9  9  9 10  9  9  9 29 39 40 10 
11.1989   9  9 29 19 39 16 11  9 14  4  4  1  0  0  0  0  3  3 24 21 10 35 15 35 15 15  5  2  1  1  0 
12.1989   1  1  1  1  5  5  5  5  2  5 15  4 29 29 40 29 19  9 39 29  9 39  4 10  4  1 21 22 11 31 31 
01.1990  14  5  1  0 15  1  4  4  5  4 10  9  5  4 10 10  9  5  5 10 10  9  9 19 29 19 14 39  9  9  9 
02.1990   9 19  9  5  4  4  9 39  5  4 19 39 20 40 40 14 10  9  9  9  9  6  4  9  9 39  0 20  0  0  0 
03.1990  15 15  5  5  5 10 10  4 20 10 10 10  5 10  1  1  1  4  9 10 10 10 10  9 15 12 12  1  7  6  1 
04.1990   4  9 29 14 14  1 26 12 11  5 15  1  9  9 39 14 14 13 13 38 37 38 37 36 11  5 15  5 10  7  0 
05.1990   2  2  3  2  1  1 26  8 29 29 39 36 36 19  9  9 20  5  5 21 24  4  4  9 15  5  5 15 15  5  5 
06.1990  10 39 19 39 19 19  9 36 31 35 10 16 11 11 15 15  5  9 29 29 19 39 14 15 10  9 29  9  9  9  0 
07.1990  19 14 14 14 39 14 15 10 10 15  5  1  5  5  5  5 20 15  5  5  5  5 15 15 12 11  1 29  9  9  6 
08.1990   6  1  2  1 29 15 11 15  5 10 10  4 29  9  9  9 14 14  4 40 35 10 10  1 29  6  6  9 29 29 29 
09.1990  19 20 10 30 15  5 35 15 15 15 15  5  5  5  5  5 24 15 10  4 34 40 39 34 34 15 15 10 10 29  0 
10.1990  10  6  9 19 10  9 39 15  5  4  4  9 39  9 29  9 29 39 39  6  2  1 23 23 23 29 39 39 39 14 39 
11.1990  40 34 34 31 12 12  2  2  1  9 40 10 10 39 40 10 10 40 14 39 34 11 31 34 33 39 31  2 10 15  0 
12.1990   2 10  6 15 15  2  1 21 23 36 31 35 32  2 12  2 13 33 31  5 35 10  9 28  9 19 14  4 10  9  9 
01.1991  15  9  9  9  4 19 29  9  9 29  9 15 15  3  3  3  3  3  4  1 35 13  1  2  1  5  2  1  1  1  1 
02.1991   1 22 31  2 32 33 33 31 31 34 31 31 15 15 15 35  5  5  9  9  9 19 10  9  9  5  1 26  0  0  0 
03.1991  29 39  9  9 29 29 28 29 29  9  6  6  6  9 10  6 28  6 10 10 29 19 19 16  8  7 12 12 12  1 10 
04.1991  10 10  9  9  9  4 19 15  5  1  1  3 31 32  1  5 12 11 12 15 15 34 11 11 31 31 31 31 11 36  0 
05.1991  36 11 31 11 31 31 11 11 11 33  6 15 10  5 15 15 12 12  5 10 10  5 15 15  5 15 12  2  2  2 25 
06.1991  35  4 34 14 14 34 39 15  9 19 14  9 19 14  9 20 14 14 14 14  4  9  9 19  9  9 39 35 15  5  0 
07.1991   4 26  8  7  7  6  8  9  9  4  9  9 10 19 10  5 14  5 40 19 15  5  4 29 36 15  2  2  3 33 38 
08.1991  36  6  6  6  6  9 29 29 10 10  9 10  5  5  5  5 20 15 15 10  1  1  9 19  5 15  5 15 12  2  2 
09.1991   3 23  2  1  5  5  5  5  5  4 10  5  5  1  9 10 20 10 10 19  4 29 15  9 29 29 14 14 39 39  0 
10.1991   4 15  5  4 24 39  3 28 38  6 28 28 39 39  9  9 19 35 35 15 15  2  5  2  2  1  3  1  3 21  3 
11.1991   4  9 29 19 35 15 30 10 15 15  9  4 29 14 35 11 11 20 39 36  2  7  6  8  8  6 10 10  6  3  0 
12.1991   1 21  1  5 15  2  2  2  2  2  3  1  5  5  4  4 10 40 10 15 20 10 10 15  5 30 15  7 10  5  1 
01.1992  10 10  4 10 10 10  4  9 29 22  1  5  2  7  7 10  2  7 40 32 13 33 33 23  1 11 12  7  6  7  7 
02.1992   1  5 20 20 10 10 10  1  4 19 10  9  9 15 29 35 12  2  2  2  5  5 10  1  6  9  9 10  4  0  0 
03.1992   4 39 10 10  6 36  1 21  4  4 15 10 40 15 15  5 10  1 10 10 30 40 35 32 31 34 35 35  5  4 24 
04.1992  36 14 34 14 11  5  1  2  2  2  1  5 15  5 39 31 15 10  5  5  5 30 39  9  9  9  9 29 14 11  0 
05.1992  29 39 11  1  1  5 10 10  4  4 34  5  5  1 21  1  2  2  3 23  3 23 33 23 21 31 21  1 26  1 28 
06.1992  28 28 38 36 38 38 33 38 36 32 31 36  7  5  6  6  2 31 33 28  6  6 29 26  7  2  2  1  1 24  0 
07.1992  29  6  9 39 37 36 12  1  4 29 19 39  4 10  5 20 10 20 10  9 29  9  4 21 11  9 30  5  4 24  9 
08.1992   9 10  9 14  4  4  4 29 29 39 14  4 14 39 15  4  9  4  9 29 39  9 19 10 10  9  9  9 29  9 29 
09.1992  15  4 29 35 15 15  5 14  4  4 29  4  4 39 10  5  5  1 31 34 24 29 29  9  9 24  1 26 26  6  0 
10.1992   5 21 38 33 38 36  7  1 25 11  1  2  1  5 34 15 14 14  4  4 34 15 34 34 34 35 34 39 34 15 15 
11.1992   4  9 14 10 10 10 10  5  4 39 29 15 35 15 29 39 31 15 15 15  5 30 10  9 19 40  5 30  5  9  0 
12.1992   9  9 19 39 14 15 29 36  7  2  6 15  5 10  4  9  4  3  9 30 36 36 31  1  3 22  2  2  2  1  0 
01.1993   2  2 12 33  4 10 10 10 10  9 29 29  9 14  9 10  4  4 40  0  0  9  5  9  0  5 15 10 35  1  1 
02.1993   3  4  1  4 10 10  6  6  7  8  8  1  1  1  1 20 30 10 35  5  0 12 12  2  2  5 24 31  0  0  0 
03.1993  23 23 32 12  2 10  2  2  1  4  5 10  1  4 10 10  0 10  5  5  0  9 14  5 15 12 12 12 12 15 10 
04.1993  26 26 13 34  4 39 20 15  1 21 21 21 31 34 32  5 10 10 10 10 29  9  9 29 28 28 28 28 28 28  0 
05.1993  38 29  9  1 11 38 28 28 38 28  0 38 29  9  9  4  4 28 29 28 38 11  1  1 10 29 39 39 14  9 14 
06.1993   9 29 16  7  6  9 10  5 21 29  9 16 31  5 15 10 15 10 29 15 15  9 40 15 15 15 15 15  1  1  0 
07.1993   1  1  9  9 29  0  5  5 24 24 11 15 15 15 20 30  9 19 39 34 14 15  5  5 34 15 15 19  9 29 19 
08.1993   4 24  9  9 39 15  5 14  9 34  5  4  4 24 29  9  5  5  5  5  4 29 15 15 15 15 31 12  2 25 15 
09.1993  15 15 35 15 15  5  4 29 29 39 19 11 29 39 34 35 15 15  4  9 29 29 29 29 39 31 34 13  3 24  0 
10.1993  24 39 36  4 29 39 14 29 14 14 29 29  9 39 34  4 11 11 14  4 31 12 38 32  2  2  2  3 23 23 23 
11.1993  31 29 26 26 26 37 36 36 15  4 39 14  4 39 32  2  2 12 12 33 31 34 34 14  4 21 21 11 13  1  0 
12.1993   0 10 10 10  5  4  4 19 40  9 15 15 29 35 34 34 15 10 29 10 35 14 14 31 35 31 31 14  4 20 39 
01.1994  15 39  9 19  9 29 29 14 19 28 26  9 19 19  5 21 15  5 10 15  6 10 30 10 30 35 10 15  5 10  5 
02.1994  10 19  6 29 28 39  9  6  5 35 12 12 33 33 23 21 31 11 15 31 31 39 30 39 10 30 29  0  0  0  0 
03.1994  39 19 10 15  4 10 10 10 10 10  4  9 40 10 10 15 15 15 40 15 25 10 10  9 29 15  5  5 10  9 19 
04.1994  39 14 15 29 15 11 14 14 34 31 32 37 36 31 34  8 26  2  4 24  9  4  8 29 28 10 10 10  6 10  0 
05.1994  15  2  1 29 15 10  6 24 21  1 13 31 38 38 39  9 29 26 26 36  9 39 39 29 39 39 15 15 15 15  5 
06.1994   5 29  4 14 15 15 10  4 15 34 12  2  7  2  5 15 15  4  9 10 10 10  5  5 29  9  6  6  6  0  0 
07.1994   0 21 24 26  9  4 31 11 15  2  3  3 26 36 16  9 10 36 36  8  1  1 21 23 29  9  6 26  9  9 28 
08.1994  29  9  9  6 29  9  9 39  4 29 39 39 15 15  5  4 39 35 10  4  9  9 29  9 16 10  9 14 14  4 29 
09.1994  39 39 11 10 40  4 19 29 14 34 14 29  4 38 34 34 35 35 11 13 11  1  6 29  9  9  9  4  9  9  0 
10.1994  10  9 40 15 15  5  2 11 15  5  5  5  1  1  4  5  5  1 24 23 23 29 19 19 19 34 14 14 14 29  9 
11.1994  14  4  9 29 28 29 36  6  9 26 27  6 10 10 19 15 15 20 10 10 10 10 19 10 10 10  6 10  5  2  0 
12.1994   1 24  9  9 19 14  4  9 15 10 10 10 10 15  5  5  5  9  9 14 15 12  2  1  1 10 30 10  9 19 14 
01.1995  15 35 12  2 13 21 12  1 10 15 15 35  2  2 10  4  4 29 14 29 14 39 19 15 39 29 15 39 29 40  5 
02.1995  10 15  5 10 10 10 10 10  5  9 19 20  9 19 29 20 19 20 10 10 29  4 19 39 40 31 15 10  0  0  0 
03.1995   9 14 39 11  4 34 14 24 14  1 21 22 12 31 34 14 29 19 19 15 15  2 10  5 15 10 35 15 35 12 10 
04.1995  10 10 10  5 10 10 10 15  5 10 10 15  2 12 31 15 10 39 29 14 23 28 28 28 38 36 26  5  4 29  0 
05.1995   2  2  1  5  5  5 10 29 35 15  4 28 27  5  4  4 39 39 15 11  1  1  4 24 29 29 39  9  9  9 28 
06.1995  26 16 14 39 39 16 19 34 34 34 34 31 31 31 34 34 14 10  5  9 30 15 12 17  7  2  2  2  5  5  0 
07.1995   5 29 39  4  5  6  6  4 29 29 28 26  9 29 19 39 19 20 10  4  9 30 15  5  5 21 29 16 18  3 21 
08.1995   2  2  5 15  1 24 26  1  2  1  1  1 10 20 15 12 12  8 28 36 37 28 29 19 20 15 15 35 35 15 15 
09.1995  32 31 39 34  4 14 29 36 40  9 39  9 38 19 14 34 31 24 36 36 12  5  1  4  4 10 30 15 15 15  0 
10.1995   5  4  9  9 29  9  9  6  6  6 29  9  9  9  9  9  9 10 10  5  5  1  4  4  4  9  9 10 29 10 10 
11.1995  20 15 35 12  2  5  5 10 10 29 29 26 26 10  9 39 35 15 35 15  1 24 10  9  9  9  9 28  6  3  0 
12.1995  11 31 31 12 33 33 33 24 26 10  7 12 12 33 11 23 26 10  5 30  4 29 40 40 39 11 11 11 11 21 29 
01.1996  26 30 15  2 31 31 29 19 29 29  9  9  9  8 26  6  6  6 21 31 31 33 23 23 31 34 16 13 23  3  2 
02.1996  23 29 35 12  2  1 23 31  1 24 39 29 36 12  5 10 35 29 34 32 32 15 11  1  9 24 24  1  5  0  0 
03.1996  15 15 12 12  2 15 33 23 23  3 31 13 31 31 28 28 28 28 23 31 31 36 30 30  1 30 15 15 35 35 15 
04.1996  31 11 13 12 38 38 33 31 10 10 30 15 11 12  2  1  3  1  4  4  4 29 29 19 19  6  6 29  9  9  0 
05.1996  29 39 39 35 14  4  4 29 36 38 18  8  8  6  6  9 39 29 39 14 14 14 39 10 39 15 40 15  1  9  4 
06.1996   9  9 19  5  1  4  9 29  9  9  9 10 15  5  2 15  5 35 15 34 34 15 12 35 12 12  5  5 39 15  0 
07.1996  14 14  4 29 29 14 14 31 15 15 10 10  9 10  5  5 15  5  5 12 15  1 24 40 35  5 24  9  9 20  5 
08.1996   4  4 15 12 11 31 39  4  4 29 39 38 36 36 40 20  1  3  3 23 39 26  9  9 19 14 39 36 34 31 15 
09.1996  11 12  2  2 12 12 12 15 12  5  5 35 31 15 15 12 12 33 23 33 31 33 32 11 31  1 29  5 10  9  0 
10.1996  29 15  5  4 14 11  6  6  6  1  4  4  4 24 29 28 19  4 15 10 40  5  2  1 21  4  9 10 40  5  5 
11.1996  10 10 10  9 39  9 39 14 14  4 29 39 39 11 16 16 39 28 14 39 15 15 34 15 39 31 31 35 34 35  0 
12.1996  15 15  9  9 29 29 26 16 28 28 28  9 30 15 10  5 30  9 29 26  1  1 36  1 12  2  1 12 22 31 31 
01.1997  11 11 31 33 11 11 11  3 21 11 15  6  6  6  4  4  4  9  9 36  6 29 19 10 16 31 31  5  2  5  5 
02.1997   2  4 15  9 40  5 10  5 10  9 14 10 40 20 15  5 14 29 15  5 10 10  9  9 39 40  5  5  0  0  0 
03.1997   5 10 10 10  6  6  1  1  2  1  1  4 10 10 10 10  5 30 40 15 35  5 25 25 40 10 10 15 15  2  6 
04.1997   1  1 10 15 30 15  2  5  5  5 15 15  5 10 15 12  2  5 35 12  1 15  5  5 25 36 36 29 40 20  0 
05.1997   7  1  5  9 29 29 14 11 34 14  9  9  9 29  9 28 28 29 29 29 40 35 35 11 15 15 15 15  5  2 12 
06.1997  33 31 11 14 23 26  1 26 14  1 26  9 19 39 14 14 15 15  4 14 39 19 34 15  4 39 38 18 28 39  0 
07.1997  14  4  9 19 35 15  2  2 12 11  1  5  1 30 20 20 29 36 32 31 36  1 39 19 39 20 30  5 15  5 39 
08.1997  20 20 19 10  6  6 11 36 11  1  3  1  1 20 20  6 16 36 36 36 36  9  9  9 26 29  9 29 16  6 10 
09.1997   6 29  9  9  9 19 20 10  5  5  4  9 14 15  1  4  4  5  5  5  5  1  1  2  1  2  5  5  5 10  0 
10.1997  10 15  5  5 10  4 29  9 29 39 15 35 35 15 15  5 10  6  9  5  5  5  5  5  5  5 12 12  1 11 11 
11.1997   1  5  5 24 29 39 39 19 19 19 19 39 14 11 10 17  2  1  3 24 36 21 11  1 29  6  9 26 39 36  0 
12.1997  11 31 32  2 15 10  6  9 19 29 29 40  5 35 12 33 31 29 39 26 36 36 10 10  9 40 20 15 35  9  9 
01.1998   9 39  9  4 14 15  9  9 10 10  4  9  9 29  9 30 15  9 40 35 12 12  7 31  2  2  1  5  5  5  5 
02.1998   1 15 15  1  5 10 24  5 10 10  9 10 10 10 10 10  2  6 20  9  9 29  6 10  6 10 10 20  0  0  0 
03.1998  15 10 10 29 35 10 29 40 15  5 21 35  5 10 10 10 10  5 15 15 15  2 31  2  2  1 10  6 26 26  6 
04.1998  29 29 29 19 19 19 39 40 39 28 39 34  4 14 29 14 39 31 15  4 19  6 28 19  9 29 28  8 28 38  0 
05.1998  38 36  6 12  5 10  9  4  4  6 26 26 26  2  2  2 12 12  2  5 15  5  5 20 20 29 29 29 28 38 29 
06.1998  19  9  9  9 29 29 29 19  9  9 39 15 14 11 34 15 15 15 10 10 10 10 10 10 26  9  9 14 14 39  0 
07.1998  39 15 15 10 20 10 15 15 10 10 14 10 29 14 15 14  4 14  4  9 29  4  9  4 14 14 39 20 19 19 15 
08.1998   9 19 19  9  5  5  5  5  5  5 25 29 19 10  9  4 10 10  5  4 39 15 15 40  5 35 15 15 15 15 15 
09.1998   1 29 29 36 36 36 26 19  9  9 19 39 31 35 15 34 35  5  5  2  2 12  3  3 29 29 39 36  6 26  0 
10.1998  36 31 31 31 31 38 38 38 19 40 10 35  5 10 10  9 29 15 14 15 10  9 10 19 39 15 10 39 34 35 14 
11.1998  35 15 39 40 15  5  5  5 10 39 15  4 14 31 35 35 15 15 15 12  2 13 33  6 36 11 35 11 31 32  0 
12.1998  12 33 14 31 35 35 15  2  1  1 25 10 40 10 10  5  1 10 40 31 15 15  1 34 10  5  9  9  4  3 28 
01.1999  29  9 19 10 10 10 19 39 35 21 39 15 35 40 10  9 29  9  9  9  9 10  9 10 10  9 35 40 15 12  2 
02.1999   7  7 10 10 15 15 35 15 35 31 12 12  2 12  1 40 15 15 30 10 20 35 35 15  5 10  9  4  0  0  0 
03.1999  30 10  9 39 36 39 14 31 39 39  5  6 26 29  5 12  2  1 11 15 10 36 40 10 29 29 28  6  6  6  6 
04.1999   3  1  6 40 10 10 20 17  6  6 20 39 39 34 14 14 31 15 15 14 29 19  9  8  6 38 37 16  1 10  0 
05.1999   9  5  5 21 26 26 29 29 10 29 19 39 19 40 15 15  1 23 33 38 26  9  5  5  5  4  4  9  9 29 40 
06.1999  10 29  9 19 29 39 14 19 14 14 36 19 14 16 16 16 10 15 11  9 15 15 15 15 15 34 29 19  9 19  0 
07.1999  19 10  9  9 29 19 20 17 12 28 38 36 39 20 15  5  5  4 29  9  9 15 15  6  6  1 11  2  2  3 13 
08.1999  13  3 21 21 29  9 39 39 19 39 15 15 15 29 34 20 14 39 14 15 15  5 15  0  6 29 10 20  6 10 20 
09.1999  20 17  3 33 33 39 19  6  6  6  3 29 28 26 28  9  9 19 28 29 39  9  9  9  9 39  9 39  9 39  0 
10.1999  15 29 19 15 15 15  5 10 10 10  4  5  5  5  5  2 12 12 33 33 28 29 39 29 39 20 10 10  5 29 14 
11.1999   4 29 15  3  9 39 16 20 17 32 13 13 16 25  2 24 35 35 32 32 12 15  5  5 10  6  0  0  4 10  0 
12.1999  10 15  9 14 15 10 10  4 29 14 29 39 15 35 35 15  9 30 35 15  5  1  4  9 39 39 15 15 15  5 15 
01.2000  10  1 10  9  5 10  9  9 29 11  1  0 24 24  5  2  7  5  5  5  5 35 35  2  2  2  4  5 29 10 10 
02.2000   9 10  5 10 10  9 10  9 15  5  5  4 40  5 10 34 35 29 40 15  5 15 15 10 20  5  5 29 19  0  0 
03.2000  40  5 30 15  5 10  9 10 20 10 40  5 20 30 15  5  7  5  2  2  1  4  4 26 29 39 36 37 38 36 21 
04.2000  14 24 29 39 16  2  2  5 31 31 39 39 34 39 29 34  9  9 19  9  9 29 29  6  9 29 28 28 28 28  0 
05.2000  28 28 26 36 28 28 28 36 26 26 26 26  1  2  4  9 29 19 14 15 14 15  4  9 29  4 19 39 14 14 15 
06.2000  10  9  9 29 29 39 15  4 29 28 29  6  9  9 10 15  5  5  1  4  9  9 19 34 15 15 15 15 15 15  0 
07.2000  39 29 39 39 19  5 39 15 14 39 31 15 15 35 15 11 11 15 15 15 15 31 36 36 39 40  9 39 15 15  5 
08.2000   5 39 19 14 11 16  5 10  5 29  4  4  1  6  9  9 29  9 29  9 29 14 15  5  5 21 29 14 14 34 14 
09.2000   9 39 35 15 15 10 15  6 10 10 10 29 29 10 29 36 36  6 21 26 31  6  2 21 34 29 29 29 28 28  0 
10.2000  28 39 16  9  9 11 13  9 14 34 39 19 39  9 28 39 19 16 26 29 29  9  9 20  9 19 10  9 19 29 19 
11.2000  14  4 39 14 14 39 39 39 34 14  4 29 29 19 14  9 19 14 29 39 39  9 29 19 19 39 15 30  9  9  0 
12.2000   9  9  9  9  9 29 29 29 19 29 10 10 19 19 40 15 15  5 15  1  1  1 24 24 39 39 29 19 14 35 15 
01.2001  29 19 19 29 39 19 19 15 15  4  1  2  2  2  3 23 31 34 34 34 11 29 19 29  9 19 36 34  5 11 12 
02.2001  15 15 40 30 39  9  9 39 39 14 10  9  7  7  1 29 12  2  5  5 10 15 35 15 11  5 24 24  0  0  0 
03.2001  34 34 39 39 15 11 29 29 19 39  9  9 19 15 39 29 29 29 31 15 40 40 29 39 36 11 11 24 39 16  5 
04.2001  10  4  9 29 15 39 19 11 15 36 16 15 15 15 35 35 15 34 34 31 12 12 31 14 29 14 14 39  9 29  0 
05.2001  29  8 29 29 26  8  7  8 22  2  2  2  1 29 39 39  9 14  5  5  1  2  1  1  2  5 10 10  5  5 40 
06.2001  15 40 35 15  5 20  4 14 14 39 15 15  4  4 29 39 39 15 12  1 15 35 15  5  5  1 26  9 10  9  0 
07.2001  15  2  1 23 26 28 39 39 19  9 14 14 14 29  9 19 14 14 39 11  5 10  6  6  6  1  1  6 20 10 30 
08.2001   5 29 39 19 14  9 19 19 19 14 15 10 10  6 29 29  9 29  9 19 16  6  6  6  9  6 20  5  1 29 39 
09.2001  16 10  9 39 15 15 20 35 15 25 15 15 39 31 14 35 31 31 34 34 31 34 31 36 11 14 30  4 29 39  0 
10.2001   9  9  9 14 14  9  9  9 19  4 10  5  6  6  9  9  8 29 29 29 36 40 26 16 20  9 29 10 10 10 29 
11.2001   5  7  6 10  5 40 40 39 15 11  6 10  5 12  1  2  1  1  2  2  5 40 15 10 10 30 14 35 10  6  0 
12.2001   6 26 26 39 20 35  2  2  2  7  7  2 12  2  2  2  2  2  5 15 25 35 15  5 35 35  5 40 40 15 15 
01.2002   5  5  2  2  1  5 12  6  4  4 14 15  1  1  4  1  4 14 10 10 10  9  9 39  5 10 40 10  4  9 20 
02.2002   9  9 24  4 29 39 19 10  9 20 10  9 30  1  1  3 34  9 35 39 15 10 15 15 10 39 19 14  0  0  0 
03.2002  34 14  5 10  4  9 10  5  4  5  4  9 29 36 39 39 29  9 39 10 10 15 15 12 12 12  2  2  3  4 14 
04.2002   9  3 23 22  2  2  1 31 31 33 38 36 36 36 36 36 16 19 39 11 11  1 10 10 10 29 15 39 34  9  0 
05.2002   9 29 29 38 38 38 28 28 28 28 36  9  9 19 10  9 30 26  9  6 29 29 29  9 19  9 19 16  4  4 15 
06.2002   5  1 21 29 28 38 36 26  6 16 14  9 19 10  9 10 10 29  9 29  9  9  9 14  5  4 34 15 15  4  0 
07.2002   9 39 29 15  4 39 10  9 29 39 14 14 38 36  7 36 36 36 11  4 34 15  4 20 15 10  6  3 28 28 28 
08.2002  26 19 16 36 36 36 16 16 29 38 26 20 10 10  7  7  7 38 26 28 36 38 29 29 29 28 26 26  6  6  9 
09.2002   2  2 31 39  9  9  9 29 28 36 17  2  2 22 15  5  5  5 30 20 15 31 32 12 12 15 15  2  1  1  0 
10.2002   1  4 10  5 15 35 15  1 21 21 22  1 31 39 29 29 39 35 15  4 29 39 39 14 29 14 29 15  5 10 10 
11.2002   9 40 29 35 12  1 31 15 40 15 40  9 29 29 39 39 39 19 36  4 29 28 16 39 39 19  9 29 39 36  0 
12.2002  19 39 18  8  7 27 23 22 33 23 31 21 21 31 26 39 40  2  5 25 30 29 30 26 26 29 29 39 20 30  1 
01.2003   9 29 30 31  5 31 12 11 12 12  2  1 10 10 10  5  1  5 29  9 29 39 40  2  6 20 10 15 35 35 12 
02.2003   1  5 39 35 35 15  5  7  3  1  2 12 33  2 12 12 12  2  3 23 23 23 33  3 23 31 21  6  0  0  0 
03.2003   9 39 16  5  6 26  1 15 10 10 10 40  2  2  2  2 12  2  2  5  2  2  1  5 10 36 39  6 29 10  2 
04.2003   4 15 15  2  2 15 12 11 31 34 14  1 11 23 23 22  2 12 33 28 28  6  1  1 29 29 20  9  9 29  0 
05.2003  14  9 14  4 29 29  9 29  9  9  9  9 19 14 15  4 29 19 29 14 15 10  9 29 29  6  6  6  6  6 30 
06.2003   6 29 29 29  9  9  9 29  4  9  9  9  9 10 10  5 24 20 10 15  5 10 29 10 10 36 16 26 39 29  0 
07.2003  19 39 20 20 20 15  5  5 15  5 10  5  5  2 21 36 19 20  4 29  9 19 19 29  9  9 29 14 11  6 16 
08.2003   6 10 10 10 10  2  5  1  6 30  5 10 30 20  5  4  9 39 10  9  9  9 10  5  2  5 10 29 39 39 15 
09.2003  35 15  2  5  1 29 29 38 36 19 35 15 12  2  1  5  1  5  4 24  4 29 14  5  1 24  4 39 11  1  0 
10.2003  29 10 39 14 15 15 34 15 10 10  5  5  1  2  2  2  2 21 21 31 31 11 11 15  5 35 12  4 29 34 29 
11.2003  39  9 39  5  1  2 13 38 29 28 26 31 11 26 39 29 15 10 10  9 29 29 29 29  9  9 39  6  6 29  0 
12.2003  28 28 26 26  6  5  2  1  1 31  9  5 30 20 15  5 10  1 39  9 39 15  5  1 10  9 19 29 14  1  1 
01.2004   1 12  2 35  5 30 20  6 39 20 29 19 39 15 15 39 40 12 30 15 15  5  2 21 15 34 31 15 35  5  9 
02.2004  40 19 10 10 10  9 19 35 15  5 10 10 10 10  7  7 10 15 12 23 23 29 15 15 35 34 11 31 12  0  0 
03.2004   2  2  5  1  1 31 31 12 12 33 33 39 29 19 10 10  5  9  9  9 19 14 11  2  2 12  1  1  5 23 21 
04.2004  28 29  9 19 19 34 31 31 12 31 12  1  2  3 34 21 26  9  9 19  9 26  6 15  2  6 26 26 29 28  0 
05.2004  26 39 39 29 39 36 36 31 36  6 16 31  2  5 10  2  5  5  5  4 25 15 15  5  5 35 15 12  1  1 31 
06.2004  36 36 11 16 16  6 10 10 29  9  9 15 12  6 10  5 40 14 34 14 14 14 39 14 15  4 30 14 15  5  0 
07.2004  39 14 14 14 34 14  9 29 34 14 15 15 15  5 10 10 29 29 19 29 29 19 29 10  5 15 15  2  1  1 20 
08.2004  40 10 40 26 28 26 26 36 26 26 39 29 39 15  5 29  9  9 19 19 14  5 24 39 39 20 10  9 19 39 14 
09.2004   4  1 29  6  2 21  2  2  2 24  9 19  9  9 14  1  1  4  4  9 15 15 40 15 15 15  5 10 40  5  0 
10.2004  39  4  5 29 29  9  4 39 15  1  1 23 24 39 39 34 35 35  9 29  9  9  9  9  9  9  9 39 39 36 16 
11.2004  26 26  9  9 15 15 12 12 12 31 11  9 15  2  1 10 10 10 15 15  5 40  5  5  5 10  5 29 11 23  0 
12.2004  39 30 15  6  6  6 10  6  6  6  6  6  6  9  9  9 19 15 35  1 11  5 10  5 19 36 12 34 15  6 10 
01.2005   5 15  5 10 10  5 10  9  9  9  9 10 15  5  2  4  9 39 15 10 15 15 15 35 12 12 12 32 12  2 10 
02.2005  15  5  2  5  1 23 33 31 15 10 10 29 35 35 12 12  2  1 35 31 33 32 31 31 13 32 12  2  0  0  0 
03.2005  25 24 31 11 31 15 15  5 15  5 25 35 15  4 10  9 10 10 10 10  5 29  9  6 16 39 26  6 26 26 12 
04.2005   3  3  3 24  4  9 29 39 11 15  6  6  9  9 28 28 38  6 26  2 12  5 34 26 36  6 39  5 10 10  0 
05.2005   9 29  9 20 10 15 35 15 15 35 15  1  1 39 31  4 14  1  5  9  9  9  9  4 10  6  9  9  9  9 15 
06.2005   5 10  9 19 15 15 15 12 12  5 15 14 34 29  4 10 10  7  2  2  6 10  6 29 29 10  5 10 10  6  0 
07.2005  20 10  6 29 11 31 31 31 18 17 17  2  1 10 29 20 10 29 19 15 20 20 15 19 39 19  9 29 29 19 19 
08.2005   4 16  6 15  5 15 15 15 15 15 15 15 15 39 12  2  1  1 29 38 27 37 16  9 29 14  4  6  6  1  1 
09.2005  26  9 11  1 23 23 29  9 29 26 36  6  6 10 10 40 15 12  3  1  1  1  4 21 29 19  9 19 34 15  0 
10.2005  30 11  6 28 28 28 38  8  6  1 23  3 21  1  1  1  2  1 24  9 29  9 19  9  9 10  6 29 29  9 29 
11.2005   9  9  9 29 19  9  9  9 29 10  9  9  9  6 29 35 15 15 12  5 12 12  2  1 34 34 31 34 34  5  0 
12.2005   4 24 39 39 39 11 15 31  2  2  7  1  1 15  5 40 15 15 25  5  5 15 10  5 15 31 33 31 31 11 39 
01.2006  39 12 12 12 33 38 28 33 21  1  9  1  3  3 23 13 39 40 10 29 35  2  2  1 31 31 31  1  1  6  2 
02.2006   6 10 10  2  2 10 10 40 35 35 12 15  5  6 39 39 39 39 29 36 31 12 31  3 38 15  5 34  0  0  0 
03.2006  34 14 34 35 15 15 15 29 30 35 35 12 12 11 33 32 12  2  6 25 24  5  1 24 39 10 29 19 20 29 20 
04.2006   9  9 14 15 31  1  5 24 14 11  1 15 10 19  9 40  9 10  9  9 29 36 36 19  9  6  6 16 11 31  0 
05.2006  14 14 26 23 21 33 23 23 23  2  1  4 29  5  4 29 20 29 19 39  9 29 14 14 15 10 10 15 14 15 15 
06.2006  11 12  2 15 15 12  2 12  2  2  2  1  1 26 26 39 16  9 29  9  9  9  4  9 29 39 19 19 16 11  0 
07.2006   2  3 23 21 29 29  9  9  9  9  9  1  6  5  2  2  2  1  1 29  9  6  9  9  6  6 26 29 20  9  9 
08.2006  19 14 36 15 17 20  5 15 15 14 31 31 31 34 19 39 39 39 19 19 20 15 15 39 36 20 20 20 15 15  5 
09.2006  10  9 10 10 10 10 29  5  1  1 21 23 24 23 38 28 26  6  9  5  3 23 28 28 28  6 16  6  9  9  0 
10.2006   9 19 39 14 14 10 15  1  4  6 24 29 17 13  2  1  4 24 29 39  9  9 29 39  9 29  9 10 20 10 29 
11.2006  15 15 15  5 10 10 10  9 15  5 30 15 10 10  9  9  9  9 29  9 39 14 29  9  9  9  9  9  9  1  0 
12.2006   4  9  9 19  9  9  9 29 19 15 10  5 10 10  9 29 15  1  2  2  2  2  6  1  2  1  4 20  1  9  5 
01.2007  19 15 10 40 10 10 10 39 10  9  9 10 10  5  4  9  9 29 10  9 14 34 11 12 12  1  5 10  5  5 10 
02.2007   7  6  2  1  5 14 34 39 35 29 39 29 40 29 15  1 24 21  5  9 29  9 29 39 39 40 20 19  0  0  0 
03.2007  39 15 40  5  9  9 39 16  5  5  1  1  4  5  5  5 10  9 15 12 31 32 32 32 13 23 33 33 31 31 33 
04.2007  33 11 31  2  5  5  5  5  5 10  6  6 23 23  2  1  5  5  5  5  5  5 10 10  6 28 23 21  2  2  0 
05.2007   2  1 31 21 31  1 10 20 20  9 39 19 29  9 14 34 35  5  4 29 29  9  6  9 29 29 29 38 36  1 11 
06.2007  38 17 28 26 37 28 28 28 26 36  6  9  9 29 29 19 39 19  9 29 39 19 19  9 29 34 14 14  4 15  0 
07.2007   9 39 19 14 15 14 15  4 14 15 15  5  9  9  9 29  9  9  9 29  9 19  9 39  5  9 14 19 39 15 15 
08.2007   5 39 15  5  1 21 26 38 38 16 16  9  9  9  9 19 14  4 19 39 36 36 38 19 10  5  5  5 15 15  5 
09.2007   5  5 15 15 12  2  2 10 15 35 15  5  1  5  5  9 29 15  5  5  4  4  4 29 14 31 38 36 34 14  0 
10.2007   9 10  9 29 16  2  2  5  1  1  1  5  2  1 24  4 29 15 12 12 12  3 12 13 18 31 11  6 29 11  2 
11.2007   6  7 10  2  5 15 10 10 15 35 35 15 15 35 12  2  2  3 29 29 29 29 39  1 15 15  5 10  9 10  0 
12.2007   9 19 35 15  9 20 39 15 39 36 12  2  2  2  3  2  3 12  2  1  3  4 14 11  1 15  6  9  4 15 15 
01.2008  12 31 34 24 39 14 39  4 29  9 29 19  9  9  9 39 19 20 10 10  9 15 10  9  5  5 10 10 10 30  4 
02.2008  39 15  4 39  9 40  5  6  2  2  1  2  1  2  2  2  5  5  5 29 10 10 10  9  4  9 15  5  9  0  0 
03.2008  20 10  9 15 15  6  6  9  9  9 19 39 15 40  9 39 15 15 15 15 35 31 11 15 15 15  4  4 14 24  9 
04.2008   9 20 12 12 34 14 11 14 39 39 29  4  4 24 11 11 31 21 36 11 28 37  1  1 15  1  1 29 19 29  0 
05.2008  14 15  5 11 12  2  2  1  1  2  2  3 21 21 29 29 29 10  1  1  1  1 11 26 26 29 26 29 28 28 26 
06.2008  28 28 26 26 28 28 18 17  6  6  5 15 15 15 14 14  4  9  9  4  9  9  9  4 29  4 14 10  4  5  0 
07.2008   4 29 29 14  1  9 19 14 15  9 29 19 14 15  5 10 19 20 39 14 35 15  2  2  8 28  8 26 26  9 26 
08.2008   9 19  9 19  5  9 29 19  5  9  9 39 14 14 16 11 14  9  9 19  4 39 14  5  9 10 10 10 10  1 21 
09.2008   9  9  9  9  9  9 19 14  4  9  6 26  2 12 12 12 11 11 15 12 12 12 32  2 12  2  1  1  5 14  0 
10.2008  34 14 14 15 10 15  9 29  5  5  4  4 10 10  9 39 15  4  5  4 29  9  4  4  1 10 29 14  4 31 34 
11.2008  29 28 26 36 38 38 19 19  4  9 29 14 11  6 10 10  5 15 10 15 35 35 15 31 15  5  4 24 39 34  0 
12.2008  38 14 34 14 39 35 15  5 24 31 33 11 28 23 21 21 16  6 15 10 10  5  5  5  2  2  2 23 23 23 31 
01.2009   5 15  5 25 11 11  5  1  1  1  4  4  4 14  1  1  9 29 29 19 19  4 39 36  1 21  1  2  3  2 12 
02.2009  31 28 29  9 29 29 29 14 15 39 15 15 15 12  5 30 35 12 15 25  7 10 35 12  5 20 10 10  0  0  0 
03.2009  29 29  4 24 28 36 15 10 15 35 15 10  5 30 40  2  5  5 15 12  2  5  5 15 35  5 14 39 11  1  1 
04.2009   1 23 23  9  9  9 29  9  9 29 23 23 21 26 23 28 36 31  3  1  1 11 12 13 24 24  9 28 38  8  0 
05.2009   1  1  4 15  5 10  5 29  4  9 29  1 26 29 29 14 29  9  4  4 29 19  5 10 10 29 15 15 12 32 12 
06.2009   2  5  5 15 35 39 34 34 39 14 34 15  5 10 29 15  4 10 19 15 11 12  2  7 37 38 27  6  6 16  0 
07.2009   6  6  6 10 10  9 19 15 14 15 15  9  4 29  9  4 29 16 14 14  9  9 39 19 15  5 24 14  4  4  4 
08.2009   9 29 19 11  2  1 21 26 26 39 20 10  5  5  5  5 10  5  5 29  9 15  1 24 29  9  9  9 14 15  9 
09.2009  29  9 39 19 15  5  5  1  1  2  2 11 31 31 38 26  1  6 28 26  6 10 10 10  1 11  1 10 10  5  0 
10.2009   5 15  5  4  9 29  9  9  4 39 15 15 15 15 12 35 35 15  1  1 21 28 16 19  9 20  5 10  5  2  1 
11.2009   9 39 11 34 34 14 39 13 36 11 11 14  9 29 19  9 29  9  9  9  9  9 19 10  4 14 39 14 29 39  0 
12.2009  15  4 39 11  9  9  9 36  6 40 32 12 12 12 12 11 31 31 11 35 34 39 14 39 39  4 14 15 29 29 39 
01.2010  24 15 35 15 34 31 31 31 28 38 31 31 33 33 11 24 40 15 35 31 31  1 21 21 21 12  5 15 35 35 15 
02.2010  35  5 35 24 28 26  2 21 31 31 12 12 31 11 14 14 24 29 39 14 14 29 29 29 39 39 14 39  0  0  0 
03.2010  15 15  1 11 15 32 12 12 12  3  2  5  5  5  5  5  5  5  9 29 30  4  5  4 39 39 20 20 29 29 14 
04.2010  14 14 34 39 15  1 21 21  5 15 12 33 32 32 11  1  1 21  5 34 15  5  5  1 24 19 15  5  9  9  0 
05.2010  39 39 39  1 21 36 36 34 34 34 24 39  3 11 15  5 11 15  7  7  2 12 10 10  4 29 19 34  4 39 35 
06.2010   1  7  7  2  4 29 19 29 29 29 39  9  4 19 31  2 21  1 15 11 12  2  2  1  5  5  1  1  6 10  0 
07.2010   9  6  6  6  9 15  5  6  9 26  9 29 19 29  9  9 19 11  1  1 29  9 39 15 15 11 11 20 20 11  9 
08.2010  29 39 20 14 36 16  6 40  4  4  9 39 19 38 36 36 40 19 14  9 10  9 29 14 14 29 40 15 14 31 15 
09.2010   5 15  5 35 11 11 26 38 36 20  6 26 15 10 14 14 14 15  5 10  5  1  4 39 36 16 36 15  5  1  0 
10.2010  11 29 29 28 29 29 26 21 33 22 21  1  2  5  5 31 12 11 15 35 15  4 24 34 11  5  5  5  4 29 39 
11.2010  29  9 10 10 10 40 34 13 39 39  4 20  9 29  9  6 24 29 39 34 31 36 35 15 34 31 34 34 31 31  0 
12.2010  33 31 15  5 34 34 24 39 15  5 15 15 12 12 32  5 31 31 34 35 34 29 29 26 12 15 15  1  5  5  5 
01.2011   5 15  5  5  4 29 29 39 29  4 29 10 30 10 10  4  9  4 15 12 12  2  2  5 35 31 11 13  1  1  1 
02.2011   1  5  5 10 10 10  4  5  5 10 10  1 29 29 29 29 36  1  1 31 11 12 15  5  2 21 36 23  0  0  0 
03.2011   2  3 33  1  1  2  2 24  5  5  5 24 29 36 38 38 36 10 12  2  1  1  2  1  4  5 25  5  1  9  9 
04.2011  10  9 29 20 10 10 10 10  2  2 10 15 15 12  2  1  1  1  1 21 21 23 23 26 32 36 36 38 28 23  0 
05.2011   2 31 15 15  5  4  1  1 23  1  9  9  5 34 15 10 10  9  9  9  4  9  5  4  4 24 19  5 10 29 29 
06.2011   6  2  8 28 28 39 29 39  4 14 14 14  9 10  9 29 14 39 15 15  9 29 19 15  5  5  1  1  6 15  0 
07.2011  15 15 10  6  1  6  9 19 29  9 14 29 39 34 14  4 39 14 34 16 16 35 14 11 11 31 36 16 20 20 10 
08.2011   1  1 26 16  9 29 19 34 15  5 30 39 19 29 19 19  4 29 19  5  9  9 29 29 29 29 19 14 14 14 15 
09.2011   5  9  9 29 19  4 14 20 10  9 29  9  9  5  4  5  9 39 11  6  4  5  5  4  4  9 10  1  1  1  0 
10.2011   1  1  5  5 10  9 15 15  5 10 10  5  5  2  1  1  4 24 14 15  1  1  1 33 23 19 24  9  9 10  9 
11.2011  29 39 29 29 28 26 38 38 21 23 23  1  1  1  2 23  4  4  4 21 21 21  1  6  5 10 10  5  4  4  0 
12.2011   9 39 19 19 15 15 34  5 14 15  4 39 29 39 14 39 15 15 15 35 15 10 10 15 10 10 10  4 15 15 30 
01.2012  10 29 10 15 40 15 40 35 10  5  5 10 15  5  2  2  5  5 30 15 30 40 15 15  5  1 24 31 23 23 33 
02.2012  33  2 12 12 12 12 12  2 35 12 12  1 15 35 35  5  5 10 15  1  5 10 10 10 10 15  5  7 10  0  0 
03.2012   6 10  1  9 21  1  5 15  1 10  7  7  5  5  5  4  4 39  1  1  1  1 21 11  2  2  2  5 10 10 15 
04.2012   5  4 29 29  6 14 35 15 10 29 19 34 14  1  2  5  4 14 39 39 34 14 14 39  4  9  9 29 29  8  0 
05.2012  28 36  9 39 29 34  4 24 29  9  9 15 15  1 31 15  5 24 29 28 28 27  7  2  2  2 32  5  5 10 10 
06.2012  15  5 29 15 15 39 29 19 14 14 19 36  5 14 29 29  4 29  9 39  9 14 14 29 15 15 10  9 29 29  0 
07.2012   9  9 19 29 39 39 19 39 19 19 14 14 19 14 14 15 15  5 35 15 15 12  1  3 26  6 29 29 19 14 14 
08.2012   4 39 19 19 29 19 14 15 15 15  5  1  1  1 21  9  9  6 26  9  9  9  9 39 19 14  5 24  9 29 11 
09.2012  11  6  6  6  5  5  5  5  4  9 29 14 15  5  5  1  4 29 15  5 24 35  4 29 39 39 34  4 14  4  0 
10.2012   9  9  4 39 29 39 15  5  5 15  5 29 14 34 14  4 29 29 29  9 29 26 26 10 10  4 11 11  1 34  4 
11.2012  39 14 34 29 35 15 10 19  4 29  9 14  1  1  4 21 24 29  4  9 24 14  4  9 39 29 39 26 32 11  0 
12.2012   4 31  5 35 35 15 31 11 35 35 15 15 34 29 39 39 39 31 15  1 26 39 30  9 19 20 40  5  9 14  9 
01.2013  39 15 10 10 10 10 10 10 30 15 15 11 31 31 34 11 12 13 31 26 36 31 31 12  1  1  9 15 10 10  5 
02.2013  19 15  5 10 34 31 35 35 15 11 33 32 11  1 31 15 12  2 35 12 12 33 33 31 38  7  2  1  0  0  0 
03.2013   2  5  2  1 24 21 36 36 26 40 34 31 11 15 15  1 34 34 35 34 15  1 21 31 32 12 31 31 31 31 11 
04.2013  11 11  3 21 21 11  5 21 34 39 29 19 14 10 29  9 10  9 20  1 23  6 10  9  9 29 29  4  9  9  0 
05.2013   4  9  6  4  1 36 38 39  9  9 19 14  4  4 29 28 28 36 36 36 36 15 14 11 32 31 11 21 31 11 37 
06.2013  10  5  2  2  1  1  1  1 39 11  1  6  9  4 29  9 29 26 29 29 39  9 19 11 15 15 11 11 35  5  0 
07.2013   5  4 39  6  5  1  2  2  1  5 15 15 15  5  5  5  1  6  6  1  1  5 21 29  9  9 29  9 19 20 10 
08.2013   6 24  9  9  9 29 29 39 19 15 15  4 14 15  5  4 19  9 39 15  1  1 16 31 33 33 31 12  1  5 10 
09.2013  15 10 10  5 21 29 28 29 14 31 31 11 15 26 19 19 14 40 15 15  5  5  5  5 30  5  5  5 21 11  0 
10.2013  11  1 21 29 26  6  6  6  9 31 36 33 14 34 34 11 35  5 24  9  9 29  9  4 29  9 39 29 14 14  4 
11.2013   9 39 14 39 14 20  9  9 14 31  1  6  1 14  1  1  1 39 29 11 31 33  2  2 12  2  2  5  5 15  0 
12.2013   1  1  5  5  5 15  5  5 10  6  1  1  1 14  5  4  4 19 29 14  9  9  4  9 39 39  9 29 14  4  4 
01.2014  14 39  9  9 19  9  9  9 29  5 39  5  9 39 19 29 39 29 28 26  6  1 21 31  1 15 34 11 33 34 39 
02.2014  29  9 38 29 39 19 39 29 14 24 14  5 39 14 29 19  4 24 19  9 39 14  1  3 24 29  4 39  0  0  0 
03.2014  24  4 24  6 15  1  1  1  1  1  2  2  1  5 10 10  5  9 10  4 29 29 15 15 11 33 33 23  3 21  5 
04.2014  26 29 26 26  6 10  9 19 15 10 30 10  5 15 15  2  1 31  8 38 36 39  6 26 28 28 28  8  6  6  0 
05.2014   9 26 12  5  5 24 19 19 19  9 14 14 15 15 12  2  2 36 39 29 29 29 39 19  4 28 36 36  1  2  1 
06.2014  11 11 11 29 14  4 29  9 29 26  9 10 10 15  2 12 12  1  5 15  5  5  5 15 11 11 24 29 39 15  0 
07.2014  14 15  5 24 19 29  9 36 36 37  2 11 20 19 10  5  1  5 24 26 36  7 12 36 36 36  6 28 36  6 10 
08.2014   9 29 39 19 19  4 19  9 19 29 14 14 39 14 15 15  4 34 14 14 14 14 14 15 15 40 15  5  9 19 40 
09.2014  11 17 13 38 28 29 29  9 20 15 11 37 37 36 28 38 38 39 39 39 40 15  5 24 15 10  5  1 29 39  0 
10.2014  10  6  1  3 21 24 29 29 29  9 29  9 29 39 39 39 20  9 10  9 29 35  7  6 10  1  1  3  1  6  6 
11.2014   6  9  9 29 39 19  9 14 29  9 29 28  6 28 28 36 38 36 36 15 15 30 29  9  6 26 26 26 21 31  0 
12.2014  38 21 31 38  9  6  4 15 11  5 15 29  4 19  9 19 40 10 10 15  5 10 10  9 35 15 31  2 35  5  7 
01.2015   6 10 10 15  5  1  5 10 20 10 15 10 29 14 29  9 14 14 34 34  4 21 11 11 15 10 15  9 14 35 35 
02.2015  15 35 31  1 12  2  2  5  7  2  1 21  4 34 23 23 21  1  4  4 34 14  9 14 11 11 21 14  0  0  0 
03.2015  29 14  5 15  2  5  1  1  1  1 15  2 12 37 31 33 23 21 21  1 40  1  1 24 28 19 15 10 10 15 40 
04.2015  15 15  5 15 12 12  2  2  4  4  9  5  5 10  5  4 40 12 21  2  5 31 11  4  9 29 29  4  4 34  0 
05.2015  40 15 29  9 29 19 14 29  9  5  4 29  5  5  1  5  5  4 14 14 11  1  1  1 14 15  5  5  4 14  9 
06.2015   9  9  9  4 29  9  9  1 11  1 16 29 29 29  5 15  1 10 15 15 15 34 15  5 15 10 20  5  5 10  0 
07.2015   1 26 26 29 29  5 29 19 15  5 25  9 20 10  9  4 29  9 29  9 10 29  9  9 39  4 39 14 14 15  4 
08.2015  24  1  4 29  4 24 29 29  6 26  6  6 29 29 39 38 38 36 11 11 11 12 31 29 14  9 29  9  9 29 29 
09.2015  39 14 14 34 15 15 15 12 12 33 31 29 29 39 19 29 39 14 14 15  5 39 11  1  4  5  2 12  2  2  0 
10.2015  11  3 34 19  6 29 36  6 31 12 12 31 31 31 36 36 31 31 12 15  5 10  1  4  4  1 23 29  6  6 23 
11.2015  21  4 24  9 19 10 10  5 10 10 10  5  9 15 30 10 10 10 20 40 31 35 15  4 35 15  1 15 10 10  0 
12.2015  10  5  9  9  4  4  6  9 15  5  5  4  5  4 10 19 10 20 10  9 19 10  9  9 10  9 10  1 21  3  4 
01.2016   5 26 21 36 39 34 29 34  9 39 39 39 15 34 31 15 15  5  5 15  5  5 15 10  6 10  9  4 10  9 20 
02.2016  10  9 15 15 10 29 29 39 39 15 14 34 39 36 31 11 31 14 14 10 10  9 20 15 15  5 31 21 32  0  0 
03.2016   1 39 31 24 39 34 14 11  4 12 12 12  2  2 17 33  3  5  5 25  5 15 15  5 40  1  4 39 14 39 29 
04.2016   1 29 29 29 29  9 14 14  6  6 28 39 39 20 39 39 19 14  5  5  5  5 35 15 15 34 34 14  4 24  0 
05.2016   1  1 15 12  3 23 23 23 28 28 28 38 27 15 15 15  5  4 16 10  9 29 38  6 26 39 39 39 38 36 36 
06.2016  36 36 37 36  6  6  6 30 15  5 29 29 39 39 39 39 39 14 11  9  9  9  9  9 29 14 14  4  9 19  0 
07.2016   9 19 14  4 40 15  5 39 10  9  9 19 14 15 15  5 10 10 10  5 26 26 36  6  9  9  9 19 19  9 39 
08.2016  15 20  9  9 20 15  1  5 14 15 15 10 10  5  5  5 11 35  9  9 14 10 10  6 21  4  9 29 19  1  4 
09.2016  10 10 10 39 20  2  1 24  6  9  9  9 28 28 28 39 36 37 12 11  1  1  5  5  1  1  1 10  9  9  0 
10.2016  29 34 31  2 12  2 12 12 31 11 32 32 33 29 39  1 29 19 31 31 31 31 34 29 40  5  5 10  5  5 10 
11.2016  10 15  5 24 39 35 31 34 34 35 31 11 11 11 10 10  9 39 14 39 29 29 29  6  1  6  5  2  2  5  0 
12.2016  10  5  2  1  5  5 10 10 10 10 15  5 10 10  1  4  5 15 33 23  4  4  5 15 10 10  5  5  1  1  5 
01.2017   4 15  5 35 12  5  5  2  1 31 25 10 35 15 15 12 12  2  2  2  3 23  1 11  2  3 24 24 14 39 36 
02.2017  16 29 29 39 36 16 16 31 23 33 31 21 12  3  4  9 20  2 15 10 10 10 29 15 10 10 29 39  0  0  0 
03.2017  15 14  4 29 19 36 15  9 20 15  5  1  5 10  5  5 10 10 10  9  9  4 29  1  1  2  1  4 10 10 29 
04.2017  29  6 11 16  6  5 10 10  5 10  5 10  5  5 20 15 35 12 12  2  5 15  5  4 34 34 14 11 11 23  0 
05.2017  33 31 33 36 31 36 10 15  5 24 24 39  6  9  5  6  6 29 29 14  1  4 10 20  2  2  1  9  6  9  9 
06.2017   4  9 29 19 19 39 14 10 29 10  6 10 10 10 10 15 10  7  9 10 10 30 10  9 10  9  9 39 36 39  0 
07.2017  36 10  5  5  5  5 30 10  9 39 19 39  5 15 15 10  5  4 29 29  9 29 19 36 36 20 10 14  9 29  9 
08.2017  29  9  9  9  9 14  4 39 19 19 16 20  5  4 29  9  9 29 14 15 15  5  5  9  9 29 20 10  9 29  9 
09.2017  11 15 11 15  6 19 15  9 39 14 19 14 39 34 14 14 14 14 11 15  5  1 11 16 36 36 38 36  6 29  0 
10.2017  16 29 15  5 40 15  5 15  5 10  9  5 10 10  4  9  4 24  9 39  9 19 15 10 10 10 15  5 15  5 10 
11.2017  10 20  1 29 39 11  3 38  1 20 20 39 15  5  1  6  5 15 15  5 30 10 29 29 39 15  5 34 34 31  0 
12.2017  11 11 15 15 10  5  4 14 15 34 29 14 14 14 14 15 15 12 10  7 10 10 10 10  4 14 39 15 14 39  9 
01.2018  14 15 40  9 29 29 21 23 39 39 36 16 23 21  9 39 15 40 15 34 15 40 10  9 29 29  4 10 10  5 29 
02.2018  14 35 15 31  1 24  1 11  4 11 29 15 14 11 29 15 31  1 11 11 12 12  2  2 12 12 12 33  0  0  0 
03.2018  31 21 21 24 29 26 39 14 19 29 29 39 40 11 23 36 31 33  1 15  1 15  5 21 21  5 15 29 34 24 36 
04.2018  15  9 29 29 20  4 24 26 26 28 38 38 36 39 29  9  6  1  1  1  9  9  9  9 29 14  4 29 29 39  0 
05.2018  14  9  6  6  6  2  3  3 38 39  9 29 28 28 37 37  2  1 11 13 33 36 38 38 26 36 36 28 28 38 28 
06.2018  36 16  6  6 26 29 26 26 26 29  9 19 15  1  1  9  9 10 10  9 20 15 15 15 12  2 12  7  6  5  0 
07.2018   1  1  5 19 19 20  5  5  5 31 36 36 20 15 11 11  6  1  1  4 16 16  7  6  6  7 28 29  9  9  9 
08.2018   6  6  6 10 10  4 29 29 29 14 14  4 39 20 10  6  9  9  9 10  9  9 29 19 14 15  4  5 29 19 11 
09.2018  11 18 38  6 26 26 19 14  4  5 10  9  9  9  5  4  4  9  9  9  9  4 30 15  5  5  5  5  1  4  0 
10.2018  15  5  5  5  4 29  6 10  1 23 24  9  8 24 39 16 26  6  1  5  2  5 10 10  5 24 31 31 28 39  4 
11.2018  39 19 16 29 28 29 29 19 29 29 39 29 19  5  1  3 13  2 33 33 23 23 34 39 31 12 11  1  9 29  0 
12.2018   4 39 20 15  5 10  9 20 40 15 15 12 33 13 11 34  5  4 29 39 29 20 20 15  5 10 10  5  5 10 10 
01.2019   5 15  2  2 10  2 10 40 32 12 10 10 10 15 10 10 39  5  1 11 11  1 33 11 15 10 39 31 14 21 34 
02.2019  39 39 11  1  5  6 29  9 19 39 15  5  1  5  1  4  4  4 19 10 10  7  2  7  1  2  1  5  0  0  0 
03.2019  20 10 10 39 15 29 39 15 20 40 15  5 14 40 10 10 39 15 15  7  6  1  4  4 15  5  7  7  1  4  5 
04.2019   1 29 29 38 28 28 28  6 21 21  2 11 31 13 13 34 33 33 23  1  1 23 38 29 29 39 19 11  7  2  0 
05.2019   1  9  5 31 15  5  5 29 39 14 31 15 12 12 12 37 38 38 38 36 36 10  1  5 20  9  9 19  1 10  6 
06.2019   6  6  9  9 28 29 29 14  4 29 29 38 14  9 29 19  1 29 29  9  9  6  6  6 29  9  5  5  1  4  0 
07.2019   9  5  5  5 10  9 15 15 15 15 10 40 15 12  1  5 15  4  9 29 20 10  6  6 26 26 36 36  6  9 19 
08.2019  39 40 15  5 29  9 19 19  9  9  4 19 14 15 39  4  9 29 19 19 14  4  1 28 26 36 39 29  9  9  9 
09.2019   9 14  5  9 15  1 14 31 11 35 14 10 10  5  5 10  5  5  2  2  1 29  6  9 19 10 39 19 29 15  0 
10.2019  29 15 15 34 15  1  5 30 19 15  9  9 29  9 29 19  9 39 29 29 29  9 29 29  9  9  9  5 11  1  1 
11.2019  39 29 39 39 39 40 24 34 34 11 24 14 14 24 38 39 38 36 34 11 38 39 28 26  9  9 39 39 35  5  0 
12.2019  21 15  5  1  4  9 10  9 40  5 29 14 36 19 39 29 29  9 29 29 19 39 20 30 20  5  5  5  2  6  5 
01.2020   1 14 30 20  5  1 15 10 29 40  1  5  4  9  9  4 29 15 12 11  1  5  1  9  6  9  9 39 15  9 10 
02.2020  29 10 10 15  5  2  1  9  9 20 15 15 29  5  9  9 19 15 15 10  5 10 30 10 19 35 34 15 29  0  0 
03.2020  19 29 19 15 39 36 15  9 19 10 10  9 15 11  4 24 10  9  9 29 12  2  2  2  3 13 23 21 11 12  2 
04.2020   5  5  5  5  3 24  1  4  5  5  1  9 15  5  5  4 30 29 36 13 23 23  1 25  5  5 29 29  9 39  0 
05.2020  39 15 15 35 15  5  1  4 29 29 36  5 34 11  5  4  5 10 10  7 10 10  9 15 15  2  5 12  2 12  2 
06.2020   2  2 26 39 19 14 39 11 16  6 38 28 28 26  6  6 28 16 16 16  6  5  2 12 36 36 29  9 19  9  0 
07.2020   9  9  5 10 10 14  5 20 29 39 15 15  1 24 39 20 12  1  6 15  5  5  5  9  9 19  9 19  4  9 10 
08.2020  26  9 19 11  1  6  6  6 26 26 26 26 26 26  6 28 29 16  9  9  9  9 20 19  9 40 15 39 39 36 11 
09.2020  11 11 10 10  9 14 15 10  9  4  9 10  6  1 29  6  2  1 21 21 21 29  9  9 36 36 36 36  6  6  0 
10.2020  26 28 38 34 39 39 14  9  9 14 11 15 11 22 12 12 12  5  5 29 29  9 29  9  9 19 14 19 20 10  9 
11.2020   9  9  9 14  1  1  4  6 18 29 14 39  9  9  9 19 10  9 20 15  1  5  5  4  4  9  1  1  2  5  0 
12.2020  36 11 19 39 39 38 39 33 16 13 39 36 16  9 29  9 19  9  9  9 19 30 29 40 15  1 24 39 34 14 34 
01.2021  31 21 31 31 33 31 31 35 15 11  1 40 15 15 12  5 15  5 30  9  9 39 14 11 15 15 15 30 40 10  5 
02.2021  39 29 29  9 29 26 36 31 31 31 15 11 11  1 10 10 10  9  9  9 24 24  9  9  9 20  2  2  0  0  0 
03.2021   1  4  4 30 15  5  5  5 35  5 29 14 39 15 35 15 12 12 12  2  5  5  5  1  4  4 14 10 10  1  4 
04.2021  40  5 15  5 35 15 15  5 24 29 29 14 15 12 12 12 32 32 12  1  5  5  5  5 15 15 31 24 39 34  0 
05.2021  39 15 14 34 14 14 15  4 29 29 29 16 16 19 34 39 14 14 15  4 34 34 14 34 14 34 35 15 12  2  2 
06.2021   1 31 26 26 26  6  6  6 10 10  6 10  5  1  5  9 29 29 29 29 39 19 19 39 19  6  6 26 39 36  0 
07.2021  40 15  6 39 19  9 19 19 16 19 16 26 36 36 36 17  7  6 15  5  5 15 11 36 39 39 19 19 14  9 19 
08.2021  19 14 14 19 16 16 19 14 14 19  5 10  9  9  9 39 15 10 10  9  9 39 12  0  0  0  0  0  0  0  0 
\n</pre>

++++++++++++++++++++++++++++++++++++++++++++++++++++++++++++++++++++++++++++++++++++++++++++++++++++++++

Erlaeuterungen zum fachlichen Hintergrund und zu den Kennungen der Daten der objektiven
Wetterlagenklassifikation koennen der der Seite "Objektive Wetterlagenklassifikation - Beschreibung"
entnommen werden.

Datenformat:
Pro Monat eine Zeile: Monat.Jahr, dann 31 Wetterlagenklassenwerte fuer die 31
Tage des Monats. Hat der Monat weniger als 31 Tage, wird mit Nullen aufgefuellt.
Das FORTRAN-Format lautet (i2,'.',i4,1x,31i3).
